"Y"  "X1" "X2" "X3" "X4" "X5"
12 0.853 13805.2 22 15 10
7 0.18 11045.8 0 15 0
7 0.18 16680 4 15 0
0 0.117 16280 0 15 0
9 1.509 10049.8 22 14 8
9 1.307 11145.8 22 14 8
8 1.098 11414.2 22 14 8
8 1.232 7690 22 14 11
9 1.086 9686.3 22 14 8
7 0.788 10358.6 22 14 8
7 0.616 9923.6 22 14 8
6 0.328 18700 60 14 11
5 0.281 11724.4 22 14 8
3 0.204 11666.7 22 14 8
0 0.191 1372 4 14 4
7 0.176 16680 4 14 0
0 0.156 17640 4 14 0
2 0.135 17640 4 14 0
6 0.111 17640 4 14 0
10 2.093 3310.2 0 13 8
9 0.89 16971.6 99 13 10
11 0.874 16435.4 99 13 10
4 0.681 2825.9 0 13 8
7 0.501 16675.6 99 13 10
9 0.5 16782 99 13 10
5 0.5 16248.7 99 13 10
7 0.5 16142.3 99 13 10
6 0.499 16568.7 99 13 10
2 0.344 3961.2 0 13 11
7 0.39 17102.2 99 13 10
5 0.341 15964.9 99 13 10
5 0.332 16035.7 99 13 10
7 0.327 15892.2 99 13 10
10 0.27 32050 11 13 0
4 0.215 5260 0 13 3
12 0.175 68320.5 6 13 0
4 0.221 17019.1 90 13 10
2 0.173 2822.2 0 13 8
4 0.156 2839.7 0 13 8
0 0.152 3963 0 13 11
7 0.144 30800 11 13 0
0 0.142 3957 0 13 11
7 0.135 15788 99 13 10
0 0.12 3958 0 13 11
3 0.163 15822.4 99 13 10
0 0.114 2842.6 4 13 8
0 0.113 3963.8 0 13 11
16 4.365 36400 46 12 8
9 3.867 8240 4 12 6
16 3.529 25429.9 46 12 10
15 3.632 23050.9 46 12 8
10 3.65 7970 69 12 11
13 3.327 11496.6 6 12 4
14 3.467 22930 46 12 8
8 3.021 7814.4 22 12 8
12 2.917 14324.6 46 12 8
8 3.17 2430 4 12 4
9 2.949 8946.2 22 12 8
13 2.779 24322.6 46 12 10
12 3.52 12790 36 12 8
11 3.008 17080 48 12 8
9 2.911 5543 22 12 13
11 2.651 3727.6 6 12 8
14 2.937 25167.3 12 12 8
9 2.575 6970 98 12 4
13 2.558 23220 46 12 8
16 2.389 49250 99 12 8
8 2.461 3492 4 12 5
14 2.721 33338.8 55 12 8
14 2.3 35700 52 12 8
6 2.438 8390 60 12 10
7 2.332 8690 60 12 10
10 2.455 17080 48 12 8
10 2.379 8240 4 12 6
9 2.205 5513.1 99 12 10
11 2.3 14320 36 12 8
13 2.15 25967.6 46 12 10
16 2.138 60844.8 40 12 13
15 2.034 24973.8 8 12 8
6 2.037 5522.7 99 12 10
8 2.07 5520 98 12 10
12 2.133 17541.7 52 12 8
13 2.023 30150 46 12 8
10 2.112 6231.3 4 12 4
12 1.898 28209.8 40 12 8
8 1.884 5498 99 12 10
8 2.012 17793.5 70 12 10
11 2.009 16200 24 12 8
15 1.807 21997.6 4 12 4
9 1.682 22874.3 46 12 8
10 1.712 14180 15 12 8
9 1.639 3682.8 6 12 8
12 1.658 32118.4 48 12 8
8 1.604 3558.2 4 12 5
7 1.649 5593 99 12 13
13 1.743 34061.6 64 12 8
9 1.788 6202.1 22 12 8
5 1.592 8390 60 12 10
9 1.58 12780 99 12 11
7 1.59 4880 4 12 4
9 1.559 22220 46 12 10
5 1.691 9900 94 12 10
10 1.709 15468.4 70 12 8
13 1.604 31600 46 12 8
11 1.51 17133.33 14 12 8
14 1.692 45400 46 12 8
7 1.519 5677.778 70 12 10
10 1.544 13078.9 46 12 8
13 1.501 26010 46 12 8
5 1.45 3884.9 0 12 6
8 1.448 5948.4 46 12 10
9 1.823 14370 22 12 8
9 1.48 12780 99 12 11
12 1.808 11274.5 22 12 4
10 1.545 17650 46 12 8
10 1.424 3817.4 6 12 8
8 1.419 15190 22 12 8
10 1.409 3768.3 6 12 8
7 1.4 6083.4 96 12 10
8 1.494 10550 70 12 13
14 1.481 44674.7 42 12 8
6 1.572 5740 99 12 10
12 1.384 25503.6 40 12 8
11 1.478 18588 22 12 8
9 1.424 7980 22 12 4
4 1.89 7980 22 12 4
11 1.445 15610 46 12 8
12 1.434 16150 14 12 8
9 1.386 5813.3 46 12 10
8 1.423 6068.2 99 12 10
10 1.369 14920 77 12 10
8 1.411 10315.1 22 12 8
5 1.315 8763.1 60 12 10
5 1.586 10282 70 12 10
6 1.393 5459.5 99 12 10
10 1.345 17388.9 99 12 10
11 1.434 13340 0 12 4
9 1.378 5260 4 12 4
5 1.406 5451.2 99 12 10
13 1.234 18652.4 22 12 10
6 1.273 10956.2 22 12 8
10 1.222 12682.9 60 12 8
11 1.212 25430 44 12 8
10 1.204 6274.1 4 12 4
10 1.249 13180 77 12 10
8 1.249 5569.9 99 12 10
12 1.293 13490 39 12 8
5 1.179 22220 46 12 10
10 1.265 24880 46 12 10
8 1.17 4207.4 99 12 10
5 1.4 6220.5 22 12 8
10 1.251 17080 48 12 8
6 1.157 7970 70 12 11
8 1.152 12280 4 12 4
6 1.196 5528.4 99 12 10
4 1.144 2789.5 4 12 4
8 1.183 6126.5 99 12 10
10 1.13 6699.6 4 12 4
11 1.125 11628.4 12 12 8
7 1.216 7970 69 12 11
8 1.12 3044.4 60 12 8
11 1.213 16150 14 12 8
7 1.118 4501.5 4 12 4
5 1.204 6970 98 12 10
8 1.197 6761.8 4 12 4
7 1.101 4939 4 12 8
6 1.096 2739 4 12 4
10 1.085 19710 78 12 10
9 1.08 5610 4 12 4
8 1.075 3841.5 6 12 8
13 1.254 39657.9 34 12 8
10 1.062 5260 4 12 4
10 1.202 15163.9 15 12 8
12 1.155 25430 44 12 8
7 1.091 5472.8 99 12 8
11 1.135 24400 71 12 10
9 1.145 5697.7 4 12 4
8 1.049 14580 22 12 8
8 1.047 12780 80 12 11
6 1.045 12780 99 12 11
11 1.232 11770 15 12 8
3 1.039 12280 4 12 4
15 1.035 78300 42 12 8
16 1.04 78300 42 12 8
14 1.03 78300 34 12 8
8 1.018 5547.9 34 12 13
11 1.106 26177.2 46 12 8
14 1.01 50671.1 16 12 8
10 1.005 9570 46 12 8
2 1.004 2325 46 12 8
5 1.003 5182.9 4 12 3
12 1 21730.6 46 12 10
7 1 2761.4 4 12 4
11 1 2781.5 4 12 4
7 1 4368.9 4 12 4
12 1.25 23840 6 12 8
8 0.994 13625.7 50 12 10
4 0.989 5082.5 4 12 6
9 0.985 3744.3 6 12 8
12 0.985 16680 4 12 8
0 0.985 5833.1 99 12 10
7 0.985 2845.1 4 12 4
4 0.983 5726.4 99 12 10
7 0.976 5133.5 4 12 4
5 0.969 5716.8 99 12 10
9 1.114 6730.9 4 12 4
10 1.007 19710 78 12 10
10 0.957 16792.7 10 12 4
2 1.049 10007.4 94 12 10
5 1.044 10185.2 94 12 10
9 1.041 6174.9 99 12 10
11 1.18 22930 6 12 8
3 1.034 7246.8 4 12 11
14 0.931 16680 4 12 8
8 1.023 7970 70 12 8
9 0.975 18850 46 12 8
11 0.926 21706.3 46 12 10
2 0.923 10001 12 12 5
4 0.994 5607.3 4 12 3
4 1.011 5677.778 70 12 10
9 1.01 12604.4 22 12 11
2 1.008 5677.778 70 12 10
3 1.008 5677.778 70 12 10
3 1.007 5677.778 70 12 10
6 1.082 5163.8 22 12 8
8 1 12396.7 22 12 11
8 1 11983.7 22 12 11
16 0.906 41533.6 4 12 6
9 0.9 5174.2 4 12 4
11 0.944 26760 46 12 8
7 0.892 21474.8 46 12 8
9 0.888 4239.7 99 12 10
7 0.888 7970 69 12 11
7 0.88 10620 70 12 13
3 0.973 11825 70 12 10
8 0.953 5420 4 12 4
10 0.874 9034.8 99 12 10
10 0.968 15610 46 12 8
5 0.966 5711.9 99 12 10
13 1.059 38688.9 46 12 8
10 0.868 15087.8 22 12 8
10 0.868 20700 46 12 8
7 0.864 12780 99 12 11
7 0.863 25777.3 46 12 10
10 0.955 26193.3 46 12 8
11 0.871 24400 75 12 10
8 0.903 24940 22 12 8
4 0.95 5698.7 99 12 10
2 0.854 5797.8 4 12 8
10 0.886 20700 48 12 10
13 0.853 15164.9 4 12 3
15 0.85 58800 6 12 1
10 0.84 18671 16 12 10
5 0.881 6970 4 12 4
7 0.927 5859 4 12 4
7 0.833 5897.7 46 12 10
5 0.829 5710.7 72 12 10
9 1.532 16000 12 12 8
10 0.92 15506.9 4 12 4
5 0.919 5467.6 99 12 8
9 0.824 15059.6 4 12 8
3 1.011 10460 94 12 10
10 0.865 25480.44 12 12 8
8 0.91 5927.2 70 12 10
12 0.816 20290 4 12 6
10 0.861 15503.5 22 12 8
9 0.814 25097.8 40 12 8
9 0.795 20917.5 0 12 3
3 0.795 2890 4 12 4
8 0.857 13871.6 99 12 8
7 0.79 3790 0 12 4
10 0.785 14804.2 4 12 8
9 0.876 23080 46 12 8
8 0.873 25010.4 46 12 8
7 0.964 19155.89 14 12 8
11 0.903 14320 36 12 8
15 0.761 51300 16 12 6
10 0.758 25195.5 40 12 8
10 0.758 17133.33 14 12 8
10 0.78 23881 4 12 4
5 0.753 8240 4 12 6
8 0.841 25949.4 40 12 8
9 0.794 13180 77 12 10
10 0.743 6218.6 99 12 10
9 0.74 13050 0 12 2
8 0.78 10150 4 12 4
10 0.731 32050 61 12 8
11 0.731 15759 70 12 10
10 0.729 20700 48 12 8
10 0.819 32050 61 12 10
3 0.725 3010 4 12 7
6 0.72 25390 46 12 10
10 0.719 24400 72 12 10
15 0.717 15338.2 8 12 4
7 0.81 14012.9 0 12 8
11 0.716 17964.6 12 12 8
7 0.712 5706.7 99 12 10
8 0.897 7000 99 12 8
8 0.753 13863.1 99 12 8
7 0.767 6202.9 4 12 4
11 0.704 13490 39 12 8
2 0.782 2970 99 12 10
5 0.792 4007.3 4 12 8
8 0.792 26460 22 12 8
14 0.791 27006.2 22 12 8
2 0.79 10493.25 94 12 10
8 0.69 14270 0 12 4
4 1.113 6578.5 0 12 8
11 0.782 24750 4 12 0
6 0.733 6038.2 99 12 10
11 0.684 14860.3 4 12 8
8 0.729 16774.1 22 12 8
9 0.727 25204.89 12 12 8
7 0.724 12959 22 12 8
3 0.675 5727.7 72 12 10
7 0.768 9470 70 12 11
5 0.673 9958.4 94 12 10
7 0.67 15190 22 12 8
4 0.666 3018 4 12 4
5 0.711 14215 20 12 8
10 0.664 24400 72 12 10
19 0.66 58800 6 12 8
8 0.754 25846.2 40 12 8
9 0.752 11913.3 12 12 8
11 0.852 22050 22 12 8
6 0.747 18602.1 22 12 8
6 0.653 3676.9 4 12 4
7 0.652 12780 99 12 11
9 0.651 18614 22 12 8
9 0.645 25768.8 40 12 8
8 0.639 3964.6 4 12 8
7 0.63 11490 94 12 10
12 0.817 39165 34 12 8
0 0.629 8390 99 12 10
5 0.674 8040 99 12 8
4 0.719 10221.4 94 12 10
3 0.719 10336.8 70 12 10
13 0.625 78300 42 12 8
7 0.625 2903.8 4 12 4
2 0.624 10001 12 12 5
7 0.671 12267.4 12 12 8
14 0.623 58800 6 12 2
6 0.957 5689.3 4 12 11
14 0.617 26725.4 80 12 6
8 0.664 22758.3 46 12 8
7 0.616 16785 10 12 4
6 0.613 12780 99 12 11
11 0.705 38675.6 50 12 6
4 0.611 22220 46 12 10
9 0.705 13889.2 99 12 8
11 0.658 13275.5 0 12 8
3 0.61 5800 0 12 7
10 0.703 27613.6 40 12 8
13 0.797 45400 46 12 8
11 0.608 24400 71 12 10
10 0.608 11619.4 12 12 8
11 0.7 50652.6 16 12 8
4 0.696 11732.6 0 12 6
8 0.602 6218.2 4 12 4
7 0.646 14920 77 12 10
4 0.688 9470 70 12 11
10 0.591 20700 48 12 8
9 0.59 29987.6 80 12 10
7 0.59 13050 0 12 2
6 0.637 12114.5 22 12 11
5 0.589 4451.6 4 12 4
0 0.588 14601.75 70 12 10
5 0.58 3007 4 12 4
4 0.578 8240 4 12 6
7 0.624 4123.9 0 12 2
6 0.577 3778 6 12 8
3 0.577 3074.9 4 12 4
7 0.575 3264.2 4 12 7
5 0.574 5722.9 99 12 10
3 0.62 7993.7 22 12 8
7 0.57 11874.8 4 12 8
8 0.568 26071.3 22 12 8
13 0.662 32422.3 20 12 8
8 1.117 23743.8 12 12 10
6 0.564 15610 46 12 8
6 0.563 10620 70 12 13
8 0.561 21497.3 46 12 8
8 0.66 14714.3 22 12 8
8 0.683 13198.9 46 12 8
8 0.616 16066.7 22 12 10
4 0.682 5606.4 99 12 13
8 0.74 24666.1 46 12 10
14 0.55 78300 36 12 8
2 0.55 5730.4 14 12 10
6 0.546 12780 80 12 11
9 0.78 24750 16 12 6
6 0.545 12780 80 12 11
8 0.591 6190 4 12 4
2 0.637 10361.8 70 12 10
8 0.59 17290 22 12 8
10 0.542 25810.8 46 12 10
12 0.563 52404.2 44 12 8
5 0.587 4129 99 12 10
9 0.54 25322.8 40 12 8
5 0.539 5709.4 99 12 10
4 0.584 12810 22 12 11
10 0.537 13490 39 12 8
7 0.63 13840.3 70 12 8
13 0.63 54650 46 12 8
5 0.63 22220 46 12 10
7 0.536 24624.7 46 12 10
7 0.535 13490 39 12 8
0 0.815 5900 14 12 8
8 0.898 25320 12 12 2
3 0.568 5444.7 99 12 10
6 0.542 16416.8 14 12 8
4 0.528 12780 80 12 11
5 0.528 2325 46 12 8
13 0.526 43224.6 12 12 8
10 0.532 32667.6 20 12 8
8 0.655 18580.2 22 12 8
6 0.52 6045.5 96 12 10
10 0.566 12253.8 15 12 8
4 0.517 2430 4 12 2
4 0.705 7526.1 22 12 8
9 0.517 20700 46 12 8
8 0.516 11617 12 12 8
4 0.516 3765 4 12 2
10 0.516 30126.8 46 12 10
3 0.516 3288.9 4 12 8
7 1.136 12020 12 12 4
7 0.512 12780 99 12 11
5 0.559 5189.1 4 12 3
2 0.511 5777.1 4 12 10
8 0.643 31600 16 12 8
4 0.525 2970 99 12 10
9 0.508 32050 47 12 10
10 0.508 32902.2 22 12 8
7 0.507 24400 46 12 10
7 0.506 12780 80 12 11
14 0.599 58800 6 12 2
13 0.975 17720 0 12 4
7 0.503 11614 12 12 8
7 0.502 25971.6 40 12 8
7 0.501 15011 4 12 8
4 0.5 17344.5 70 12 10
7 0.5 12780 80 12 11
2 0.5 3740 4 12 8
7 0.499 10990.2 4 12 4
10 0.499 32050 51 12 8
8 0.593 25565.7 22 12 8
6 0.496 7532.7 4 12 11
3 0.494 8850 22 12 8
5 0.494 5987.2 46 12 8
3 0.493 9876.1 22 12 8
8 0.53 2801.7 4 12 4
0 0.493 1770 4 12 8
5 0.587 7970 70 12 11
5 0.492 6005.4 4 12 4
9 0.492 17640 4 12 8
5 0.491 10510 46 12 8
8 0.486 16680 4 12 8
2 0.485 5854.7 4 12 4
7 0.485 12780 80 12 11
8 0.578 17650 46 12 8
8 0.531 25272.33 12 12 8
5 0.483 16796 10 12 4
4 0.52 4041.2 4 12 4
7 0.514 11780 46 12 8
5 0.577 8150 22 12 8
3 0.53 2430 4 12 3
5 0.48 11737.2 4 12 4
7 0.572 15445.1 4 12 4
2 0.478 5153.4 22 12 8
12 0.524 37000 48 12 10
5 0.57 18620.3 22 12 8
3 0.476 5732.6 14 12 10
8 0.473 13180 99 12 10
5 0.518 6168.5 96 12 10
9 0.471 25387.8 40 12 8
4 0.564 12780 80 12 11
18 0.47 59997 6 12 2
7 0.47 16779.7 10 12 4
11 0.469 39161.9 50 12 6
8 0.467 13849 70 12 8
2 0.46 3740 4 12 8
10 0.553 27257.8 46 12 8
7 0.458 11155.6 0 12 6
12 0.454 7253.8 0 12 6
8 0.547 11910.6 12 12 8
8 0.5 13827 70 12 10
6 0.688 7102.9 22 12 8
5 0.453 15800 36 12 16
5 0.45 5487.4 99 12 8
10 0.448 28704.2 99 12 8
8 0.448 12020 0 12 10
6 0.566 11910.6 12 12 8
3 0.493 11370 30 12 13
8 0.507 11623.5 12 12 8
11 0.445 16680 4 12 8
7 0.492 7970 69 12 11
0 0.537 10263.2 70 12 10
0 0.49 10001 12 12 5
7 0.44 17650 46 12 8
6 0.579 11913.3 12 12 8
7 0.438 13899.8 70 12 10
2 0.438 5685.1 99 12 10
9 0.436 17340 46 12 8
3 0.436 5502.4 99 12 10
10 0.436 9879.5 4 12 2
5 0.436 5485 99 12 8
5 0.436 7481.7 4 12 11
6 0.434 22775.7 46 12 8
5 0.48 3529.8 22 12 8
7 0.432 4367.5 4 12 4
7 0.432 24529.5 46 12 10
5 0.43 13334.3 50 12 10
6 0.428 3790 0 12 4
3 0.428 5550 34 12 13
7 0.474 26760 46 12 8
7 0.52 35200 80 12 8
3 0.425 5475.1 99 12 8
2 0.476 2977 4 12 4
7 0.515 15610 46 12 8
5 0.561 7000 4 12 8
5 0.42 17487.7 14 12 8
8 0.419 34248.5 31 12 8
9 0.418 24750 4 12 0
8 0.416 11360 0 12 2
5 0.416 3488.6 60 12 8
6 0.415 28501.5 20 12 8
3 0.507 5677.778 70 12 10
10 0.505 18850 46 12 8
4 0.505 5677.778 70 12 10
9 0.413 32524.6 20 12 8
13 0.41 60841.7 6 12 8
11 0.41 18023.5 12 12 8
9 0.503 49250 46 12 8
5 0.408 10955.8 80 12 11
7 0.548 15372.6 22 12 10
8 0.453 15752.7 22 12 10
2 0.517 8271.6 94 12 10
5 0.402 6111 0 12 4
9 0.399 26998.7 22 12 8
2 0.398 3292 4 12 8
4 0.398 3282.9 4 12 4
8 0.398 25455.9 40 12 8
7 0.398 16777.1 10 12 4
4 0.397 5481.3 99 12 8
8 0.49 13450 22 12 8
10 0.395 25787.1 46 12 10
8 0.489 39182.6 46 12 8
10 0.441 21490 78 12 10
3 0.393 5156.3 22 12 8
7 0.44 17945.3 0 12 10
7 0.448 9625.7 14 12 8
9 0.391 26405.5 19 12 8
9 0.39 31600 46 12 8
3 0.39 10620 70 12 13
17 0.426 58800 6 12 2
11 0.419 24887.6 6 12 8
2 0.479 2982 4 12 4
21 0.392 60100 6 12 2
12 0.562 67800 12 12 8
2 0.381 2993 4 12 4
0 0.381 5704.9 99 12 10
3 0.385 10414.75 94 12 10
8 0.473 7710 4 12 4
2 0.379 12780 99 12 11
6 0.378 15286.9 47 12 8
4 0.472 3947 4 12 8
2 0.378 8390 60 12 10
12 0.403 51300 16 12 6
3 0.376 5971.8 46 12 10
7 0.375 21511.9 46 12 8
7 0.374 9030.6 99 12 10
5 0.373 10001 12 12 5
9 0.373 44780.9 42 12 8
7 0.42 12760 6 12 8
6 0.373 15190 22 12 8
3 0.372 5720.7 99 12 10
6 0.372 13490 39 12 8
6 0.416 12689.9 22 12 11
6 0.415 17190 22 12 8
5 0.385 16000 0 12 8
6 0.366 14920 77 12 10
2 0.364 3015 4 12 4
8 0.364 33422.7 55 12 8
9 0.517 13230 0 12 8
5 0.408 14920 77 12 10
9 0.36 19710 78 12 10
10 0.36 47996.8 16 12 8
6 0.36 5912.3 70 12 10
8 0.457 12655.5 15 12 8
14 0.424 40570.9 4 12 2
0 0.356 10001 20 12 8
9 0.355 21910.3 22 12 8
5 0.559 13781.8 22 12 10
5 0.354 3823.1 6 12 8
6 0.353 3783.8 6 12 8
14 0.4 60500 6 12 2
3 0.4 9470 70 12 13
3 0.545 11433 22 12 8
7 0.352 5478 99 12 8
3 0.444 10625.8 70 12 11
5 0.397 5463.4 99 12 8
7 0.35 3987 99 12 8
5 0.349 17031 70 12 10
3 0.348 4176.9 60 12 10
2 0.395 18315 36 12 7
2 0.348 3740 4 12 8
9 0.348 13840.9 22 12 10
4 0.394 10620 70 12 13
5 0.346 10620 70 12 13
6 0.392 3377.2 4 12 5
7 0.526 17520.6 46 12 8
7 0.341 18609.3 22 12 8
5 0.388 13882.2 99 12 8
3 0.341 5482.9 99 12 8
3 0.339 3281.4 4 12 4
6 0.432 4059 99 12 10
6 0.34 13436.5 70 12 10
5 0.336 24736.7 12 12 10
11 0.43 32169.4 20 12 8
7 0.336 32050 47 12 8
5 0.381 4085 99 12 10
8 0.333 12780 14 12 8
6 0.333 18642.4 16 12 10
4 0.33 9780.2 0 12 4
7 0.33 34560.5 31 12 8
7 0.33 29828.1 64 12 10
5 0.329 12780 99 12 11
12 0.329 58800 6 12 2
7 0.329 4103.9 99 12 10
3 0.328 7000 14 12 8
6 0.327 7501.9 4 12 11
2 0.327 3015 4 12 4
11 0.327 21620 99 12 10
6 0.326 10876.8 22 12 8
5 0.326 10620 70 12 13
5 0.372 13843.8 70 12 8
4 0.324 7970 69 12 11
2 0.331 6970 20 12 10
2 0.322 4110.7 99 12 10
7 0.322 13886.5 22 12 10
3 0.368 12191.2 22 12 11
0 0.321 10441.75 94 12 10
5 0.368 13833.3 70 12 8
14 0.32 60677.3 6 12 2
7 0.414 11624.7 22 12 8
6 0.32 16000 0 12 8
0 0.32 7694.5 22 12 8
3 0.32 3284.8 4 12 8
6 0.319 3789.2 6 12 8
2 0.412 3638.7 4 12 4
11 0.318 37450 44 12 8
6 0.412 10620 70 12 13
6 0.318 15190 12 12 8
8 0.317 33495.9 55 12 8
3 0.498 7690 22 12 8
7 0.317 8180 70 12 13
10 0.315 21789.6 46 12 10
6 0.314 15800 36 12 16
8 0.361 32929.2 22 12 8
6 0.313 10620 70 12 13
6 0.407 13276.9 46 12 8
12 0.312 49000 16 12 8
0 0.312 5856 23 12 10
4 0.31 6670.3 4 12 4
0 0.339 8358.2 32 12 10
0 0.31 4168.9 60 12 10
0 0.404 5696.9 99 12 10
11 0.31 27089.8 22 12 8
3 0.31 2383.5 0 12 4
8 0.309 11913.3 0 12 8
9 0.309 25899.3 51 12 10
7 0.308 9570 46 12 8
7 0.308 21780.9 46 12 10
5 0.307 8180 70 12 13
8 0.389 19738.9 0 12 3
2 0.305 5580.1 4 12 4
9 0.351 17290 22 12 10
7 0.351 13821.8 70 12 10
6 0.303 25286.5 40 12 8
6 0.303 8884.8 4 12 4
11 0.303 36400 50 12 8
0 0.303 8815.9 46 12 8
5 0.303 6424.4 22 12 8
8 0.301 21773 22 12 10
5 0.301 15190 22 12 8
5 0.348 4145.2 99 12 10
5 0.395 10225.4 70 12 11
4 0.3 5126.7 4 12 4
8 0.392 25532.22 12 12 8
4 0.298 11910.6 12 12 8
9 0.295 43672.4 12 12 8
3 0.389 4668 0 12 4
7 0.388 21750 16 12 8
6 0.386 25320 12 12 2
7 0.292 11508.3 70 12 8
4 0.339 10620 70 12 13
4 0.294 5452.7 99 12 10
3 0.291 2989 4 12 4
4 0.29 5439.5 99 12 10
3 0.289 5442.1 99 12 10
5 0.384 9622.7 14 12 8
8 0.383 13180 77 12 10
5 0.288 7763.3 0 12 3
3 0.288 4028.3 4 12 10
8 0.381 13855.2 99 12 8
5 0.287 22220 46 12 10
2 0.286 12780 80 12 11
5 0.286 12272 4 12 8
9 0.286 44971.2 6 12 6
6 0.285 4049.9 55 12 6
4 0.285 5675.7 4 12 4
4 0.332 5499.3 99 12 10
6 0.284 3295.7 4 12 8
5 0.284 6670 22 12 8
5 0.411 5270 22 12 8
2 0.283 2815 4 12 4
6 0.47 21540 14 12 8
10 0.33 8040 14 12 4
0 0.282 10048.2 94 12 10
7 0.281 21756.7 22 12 10
11 0.28 78300 42 12 8
0 0.28 5703.8 99 12 10
12 0.28 17640 4 12 8
5 0.326 4157.4 60 12 10
2 0.278 2985 4 12 4
12 0.304 24862.3 6 12 8
0 0.276 5677.5 99 12 8
4 0.275 25935.4 46 12 10
7 0.284 25320 12 12 2
0 0.275 1922.4 0 12 4
7 0.275 18161.6 0 12 8
0 0.275 5866.9 4 12 4
0 0.274 3740 4 12 8
4 0.367 8750 70 12 10
6 0.272 28959.7 46 12 8
5 0.272 28820 40 12 8
7 0.365 17430.6 14 12 8
4 0.271 8052.3 46 12 8
6 0.325 23802.1 12 12 10
4 0.27 24577 35 12 10
2 0.27 4403.9 4 12 4
4 0.27 4013 4 12 8
0 0.269 10253.6 94 12 10
8 0.269 26478.2 19 12 8
5 0.315 10560 22 12 8
2 0.267 9998.2 94 12 10
5 0.519 3975.8 4 12 8
10 0.266 37450 44 12 8
4 0.266 4182.6 60 12 10
15 0.284 58800 4 12 8
10 0.265 37000 6 12 8
9 0.264 22800 46 12 8
9 0.264 26549.4 21 12 8
2 0.263 5488.9 99 12 10
6 0.357 10620 70 12 13
7 0.309 10510 22 12 8
3 0.261 9590 22 12 8
6 0.355 14395.9 46 12 8
6 0.26 19710 78 12 10
8 0.26 18180 16 12 10
12 0.259 58800 4 12 8
4 0.305 4770 14 12 6
5 0.258 12420 0 12 8
2 0.256 2386.6 0 12 4
3 0.256 7215.7 22 12 8
5 0.35 3650 0 12 8
11 0.256 15140 4 12 6
4 0.256 3049.3 22 12 8
8 0.255 24400 59 12 10
5 0.302 5900 96 12 10
3 0.255 17984.1 12 12 2
4 0.255 4012.5 6 12 8
5 0.254 14963.6 4 12 8
6 0.254 18061.1 0 12 2
8 0.253 10457.5 4 12 4
5 0.253 6007.5 46 12 10
5 0.252 7000 90 12 8
6 0.313 20700 48 12 10
6 0.251 33555.2 55 12 8
15 0.251 60611 12 12 2
5 0.251 13420 46 12 8
6 0.25 24606.2 30 12 10
5 0.25 5529.2 99 12 13
3 0.25 26110.6 40 12 8
3 0.25 7970 70 12 11
0 0.249 3710.3 4 12 10
2 0.249 12780 30 12 11
8 0.247 8850 22 12 8
0 0.247 5697.8 99 12 10
5 0.254 13437.8 12 12 8
6 0.294 13875 99 12 8
10 0.34 50664.4 16 12 10
0 0.246 5793.1 4 12 8
7 0.259 14718.4 12 12 8
12 0.245 78300 42 12 8
5 0.245 16005.6 14 12 8
3 0.245 6465 14 12 8
13 0.338 60758.3 12 12 2
5 0.244 18122.2 12 12 2
9 0.244 24921.6 6 12 8
7 0.243 24829.9 6 12 8
3 0.243 12780 80 12 11
3 0.242 18700 99 12 13
7 0.242 17538.3 52 12 8
4 0.289 5796.1 46 12 10
3 0.242 11913.3 12 12 8
8 0.241 34619.3 31 12 8
5 0.24 3793.2 6 12 8
0 0.24 5565.5 0 12 4
2 0.41 7980 22 12 4
5 0.286 11360 0 12 4
4 0.333 12500 14 12 8
8 0.332 22412.4 12 12 2
2 0.285 25370.78 12 12 8
6 0.237 6020 0 12 2
6 0.237 5767.3 4 12 4
7 0.237 13019.2 2 12 8
7 0.331 12633.1 46 12 10
3 0.237 2768.3 0 12 6
2 0.283 5622.222 70 12 10
4 0.236 3677.1 4 12 4
4 0.235 12780 99 12 11
7 0.371 25320 12 12 2
2 0.233 5168 4 12 4
7 0.233 24764.5 12 12 10
5 0.24 10406.6 4 12 4
2 0.232 13490 50 12 8
7 0.232 16150 14 12 8
0 0.232 5781.8 4 12 4
5 0.232 10620 70 12 13
8 0.231 39744 40 12 8
4 0.23 8246.4 56 12 8
11 0.324 37450 44 12 8
7 0.23 15411.7 4 12 4
2 0.23 5175.8 4 12 3
10 0.229 24939.7 6 12 8
6 0.229 6669.1 14 12 6
8 0.228 14988.5 4 12 12
2 0.228 2970 99 12 10
0 0.228 4212.3 60 12 10
4 0.247 1770 4 12 8
11 0.228 61038.5 12 12 8
3 0.29 6104.5 14 12 6
3 0.322 10620 70 12 13
5 0.227 4072.3 99 12 10
3 0.28 9981.8 94 12 10
7 0.274 24400 46 12 10
7 0.274 9570 46 12 8
6 0.227 15251.9 4 12 6
2 0.226 3740 4 12 8
10 0.226 39447.4 12 12 8
4 0.225 18052.1 12 12 2
6 0.753 24440.4 12 12 2
7 0.225 23791.7 12 12 10
3 0.224 10452.5 94 12 10
6 0.224 8180 70 12 13
8 0.317 45073.5 6 12 6
7 0.269 21740 77 12 10
6 0.222 13520 50 12 10
11 0.221 68102.7 8 12 8
7 0.221 32050 51 12 10
4 0.275 27424.2 40 12 8
3 0.315 10620 70 12 13
12 0.22 78300 46 12 8
6 0.314 6304.8 22 12 8
8 0.267 32266.1 20 12 8
10 0.22 20290 4 12 6
3 0.22 2970 99 12 10
5 0.22 8570.9 46 12 8
5 0.22 4063.7 99 12 10
0 0.22 3740 14 12 8
2 0.219 7970 70 12 11
5 0.291 25309.22 12 12 8
5 0.266 20579.6 10 12 8
10 0.219 44843.1 6 12 6
2 0.219 3935.3 4 12 8
5 0.218 15610 46 12 8
8 0.218 37000 6 12 8
7 0.312 25145.8 40 12 8
3 0.312 11757.8 4 12 8
3 0.311 5827.1 23 12 10
5 0.217 18180 16 12 10
6 0.217 4077 99 12 10
9 0.216 29070.7 99 12 8
6 0.216 17511.6 46 12 8
8 0.216 14320 36 12 8
10 0.31 78300 46 12 8
2 0.31 11410 46 12 8
7 0.327 33648.7 60 12 8
7 0.215 13855.3 22 12 10
7 0.215 6393.8 0 12 2
2 0.215 2970 99 12 10
2 0.215 5479 99 12 8
4 0.215 8240 4 12 6
6 0.344 25390 46 12 10
5 0.261 11778.1 22 12 11
7 0.213 21610 10 12 8
6 0.213 12590.8 60 12 8
9 0.213 24750 4 12 8
4 0.212 13817 70 12 10
0 0.231 10407 94 12 10
2 0.212 15810.6 36 12 10
10 0.212 25978 0 12 4
8 0.58 17615.8 0 12 8
4 0.21 4220.8 80 12 10
5 0.21 3635 6 12 8
8 0.304 34318.3 31 12 8
4 0.256 14920 77 12 10
7 0.29 16493.8 22 12 10
4 0.208 11679.8 4 12 8
4 0.208 5960 6 12 3
6 0.208 25430 44 12 8
5 0.208 20700 52 12 8
2 0.306 15090 36 12 8
9 0.208 10168.4 4 12 4
0 0.207 2790.9 0 12 3
5 0.288 25320 12 12 2
3 0.207 3020 4 12 4
2 0.206 2325 46 12 8
0 0.205 5735.5 14 12 10
12 0.204 42075.7 12 12 8
4 0.204 13180 77 12 10
3 0.204 5576.3 4 12 4
6 0.203 32050 61 12 10
4 0.501 16000 12 12 8
8 0.297 13430 16 12 8
7 0.296 21698.6 46 12 8
5 0.405 25320 12 12 2
5 0.206 25320 12 12 2
5 0.202 17997.8 0 12 10
3 0.201 20700 52 12 8
8 0.201 21615.6 12 12 8
2 0.201 13247.5 50 12 10
5 0.201 14128.5 25 12 10
2 0.201 5185.6 4 12 8
8 0.237 24750 4 12 0
2 0.2 3740 4 12 8
5 0.2 17640 4 12 8
7 0.24 15610.2 4 12 4
0 0.293 2768.9 0 12 6
6 0.244 21436.2 0 12 3
5 0.199 16786.2 10 12 4
3 0.199 13490 50 12 8
0 0.292 2997 4 12 4
7 0.245 22050 6 12 8
6 0.292 17516.4 46 12 8
2 0.244 7633.4 22 12 8
7 0.197 32050 51 12 8
13 0.196 68414.2 10 12 8
6 0.196 38695.9 34 12 8
0 0.195 5703.1 99 12 10
8 0.195 17640 4 12 8
7 0.195 16680 4 12 8
4 0.194 10620 70 12 13
5 0.241 4097.1 99 12 10
7 0.194 28262.3 40 12 8
0 0.24 3387.2 4 12 5
2 0.193 16200 30 12 8
2 0.192 3740 4 12 8
7 0.192 14430.1 22 12 8
3 0.192 5697.1 4 12 10
2 0.192 13895 70 12 10
5 0.286 25320 12 12 2
0 0.192 7980 14 12 8
6 0.191 13893.3 70 12 10
0 0.28 10427.25 94 12 10
8 0.191 21693.6 46 12 8
2 0.191 5788 4 12 8
0 0.19 7000 19 12 10
6 0.237 13430 16 12 8
4 0.19 10510 46 12 10
4 0.19 24400 46 12 10
3 0.236 10620 70 12 13
5 0.276 10492.5 4 12 4
3 0.227 25320 12 12 2
3 0.189 19330 0 12 4
3 0.189 19710 43 12 10
6 0.189 19018.2 46 12 8
7 0.189 24778.6 12 12 10
0 0.189 5693.3 99 12 10
3 0.189 3951.3 4 12 23
3 0.276 11840 12 12 8
11 0.196 68028.3 12 12 8
0 0.189 7172.3 0 12 3
2 0.188 12806.2 15 12 8
4 0.188 13815 70 12 10
2 0.188 18202.1 12 12 2
5 0.235 17340 46 12 8
6 0.188 7149.2 0 12 6
5 0.187 34662.6 31 12 8
5 0.187 37000 48 12 10
6 0.187 13758.4 30 12 10
8 0.186 18960 12 12 8
3 0.186 8390 60 12 10
7 0.186 30657.3 36 12 10
6 0.186 27697.6 64 12 8
2 0.186 2325 46 12 8
7 0.233 18960 22 12 8
7 0.185 16787.2 10 12 4
11 0.232 78300 46 12 8
8 0.208 18180 22 12 10
6 0.184 3048.4 22 12 8
5 0.262 16140 12 12 8
3 0.184 10478.6 70 12 13
4 0.273 16200 24 12 8
3 0.278 11745.9 4 12 8
5 0.26 16000 12 12 8
6 0.184 13490 30 12 8
5 0.23 25624.9 46 12 10
8 0.183 49250 46 12 8
10 0.23 25794.5 46 12 10
7 0.238 31600 16 12 8
3 0.182 5461.1 99 12 8
6 0.182 17535.6 40 12 8
6 0.18 2987 4 12 4
7 0.227 3012.5 4 12 8
5 0.18 10473.4 4 12 4
0 0.227 5500.6 99 12 10
2 0.18 5964.4 46 12 10
5 0.18 4216.4 60 12 10
5 0.227 9570 22 12 8
3 0.18 16781.6 10 12 4
4 0.179 15000.25 70 12 10
6 0.179 13173 22 12 10
5 0.187 25334.67 12 12 8
0 0.224 8850 22 12 8
7 0.41 16340 11 12 7
12 0.29 60951.5 0 12 8
2 0.177 5614.4 90 12 13
2 0.177 6766.5 4 12 4
5 0.176 24563.9 46 12 10
5 0.269 3188.3 0 12 0
5 0.175 17532.9 40 12 8
2 0.174 15190 22 12 8
3 0.174 11627 12 12 8
5 0.174 37000 48 12 10
4 0.173 22763.7 46 12 8
2 0.173 2901.6 0 12 4
2 0.231 5611 90 12 13
6 0.231 15374.4 47 12 8
6 0.24 6028.3 99 12 10
11 0.186 51300 16 12 6
10 0.173 19110 12 12 8
0 0.172 5184.1 4 12 8
2 0.172 3293.5 4 12 8
8 0.171 42649 12 12 8
5 0.171 10620 70 12 13
0 0.265 4675.9 0 12 4
6 0.171 10485.7 70 12 13
4 0.171 12020 0 12 10
0 0.171 5707.3 72 12 10
0 0.171 5770.2 55 12 10
2 0.171 3979.3 4 12 8
3 0.17 4167 0 12 2
8 0.17 26792.7 10 12 8
10 0.17 78300 34 12 8
11 0.256 42317.8 12 12 8
5 0.17 24750 16 12 10
3 0.17 4114 0 12 5
8 0.17 24958.8 6 12 8
2 0.169 5676.8 99 12 8
4 0.169 17080 48 12 8
5 0.169 11490 94 12 10
10 0.54 18720 0 12 4
5 0.168 3990.5 4 12 8
0 0.168 8522.6 69 12 11
2 0.167 3430 0 12 8
3 0.167 32050 61 12 8
3 0.354 12020 0 12 10
11 0.166 41691 4 12 6
5 0.165 3693.2 4 12 2
9 0.165 20290 16 12 6
7 0.165 18650 16 12 10
3 0.258 3266 0 12 0
4 0.164 7000 19 12 10
15 0.17 59873.6 6 12 2
0 0.21 11280 30 12 13
3 0.21 7970 70 12 11
7 0.518 10380 0 12 8
4 0.21 3935 0 12 8
4 0.163 5420 4 12 4
6 0.163 15811.6 36 12 9
2 0.163 7185.8 4 12 11
11 0.17 42478.7 12 12 8
4 0.162 11490 85 12 8
3 0.208 12780 14 12 8
0 0.161 5820.9 4 12 8
2 0.161 7633.9 12 12 8
3 0.161 6970 4 12 4
4 0.19 11410 40 12 8
2 0.208 4137.6 99 12 10
3 0.254 12020 0 12 10
3 0.16 23736.9 12 12 10
7 0.16 17828.9 2 12 2
9 0.207 60881.2 40 12 13
3 0.671 3955.5 0 12 12
8 0.158 32050 47 12 8
2 0.158 8180 70 12 13
9 0.252 40018.6 4 12 8
3 0.157 8180 70 12 13
4 0.157 7000 4 12 8
7 0.206 16340 11 12 7
7 0.206 21546.7 12 12 8
4 0.291 22589 12 12 8
3 0.203 7970 69 12 11
5 0.156 18247.1 12 12 2
2 0.227 19192.6 36 12 8
4 0.156 3819.1 14 12 10
3 0.26 8180 70 12 13
2 0.155 15190 22 12 8
3 0.155 7000 14 12 8
7 0.222 19670.8 0 12 3
6 0.248 16762 70 12 10
4 0.153 4041.3 80 12 6
8 0.153 16680 4 12 8
3 0.201 25320 12 12 2
10 0.19 51300 16 12 6
5 0.152 10780 0 12 4
7 0.152 32050 51 12 8
2 0.152 17910.6 12 12 2
0 0.198 3026.4 22 12 11
0 0.152 16200 30 12 8
6 0.21 30713.4 22 12 10
3 0.152 18609.3 22 12 8
3 0.152 4019.7 2 12 8
0 0.151 4655.3 0 12 4
0 0.279 3003 4 12 7
3 0.151 10495.5 70 12 13
7 0.151 13864.3 22 12 10
4 0.151 4116.6 99 12 10
2 0.197 4133 99 12 10
0 0.15 2725 22 12 10
6 0.244 15618.2 22 12 8
3 0.244 23776.5 12 12 10
5 0.15 21874.4 28 12 10
0 0.191 9991.6 94 12 10
5 0.15 25968.9 22 12 8
2 0.15 4016.5 4 12 8
3 0.187 27349.3 46 12 8
4 0.149 13566.8 60 12 13
8 0.149 23728.6 12 12 10
3 0.149 7130 0 12 11
5 0.149 6036.5 46 12 10
3 0.149 22783 46 12 8
6 0.242 15190 12 12 8
2 0.148 3635 6 12 8
3 0.148 6244.5 4 12 4
7 0.148 17943.5 12 12 8
3 0.185 9628.7 14 12 8
2 0.147 3463.4 60 12 8
9 0.354 18740 0 12 8
2 0.147 7480.2 0 12 8
6 0.24 23840 6 12 8
5 0.24 21750 15 12 8
9 0.146 44012.7 12 12 8
4 0.146 4150.3 60 12 10
8 0.146 44253.1 42 12 8
9 0.386 21772.7 10 12 4
2 0.146 10248.6 94 12 10
9 0.163 18756 22 12 10
2 0.145 5260 0 12 4
4 0.145 16780.5 10 12 4
5 0.145 17931.5 12 12 8
3 0.145 11635 12 12 8
7 0.172 13774.6 22 12 10
4 0.144 6017.8 46 12 10
9 0.144 68155.2 8 12 8
0 0.19 14693.6 22 12 8
0 0.143 6343.4 22 12 8
5 0.143 18062.4 0 12 4
5 0.19 16020 99 12 11
4 0.142 16798.2 12 12 10
7 0.189 33529.2 22 12 8
5 0.142 5165.8 4 12 4
3 0.283 8664 16 12 8
2 0.189 22220 60 12 10
6 0.142 32050 51 12 8
5 0.142 10620 70 12 13
2 0.142 10620 70 12 13
5 0.141 20290 11 12 4
2 0.141 16000 12 12 8
2 0.188 2400 46 12 8
5 0.141 15811.3 36 12 10
6 0.371 22751.9 12 12 4
5 0.234 23784.9 12 12 10
3 0.14 2430 4 12 3
2 0.14 12020 0 12 10
0 0.14 3740 4 12 8
5 0.14 22220 46 12 10
5 0.176 15427.8 47 12 8
5 0.139 10620 70 12 13
3 0.226 14370 22 12 8
10 0.138 41821.4 12 12 8
3 0.138 25320 12 12 2
6 0.138 34128.9 38 12 8
6 0.138 6397.6 0 12 0
5 0.137 20700 46 12 10
0 0.212 10400.25 94 12 10
0 0.176 7980 22 12 4
0 0.231 8244.8 22 12 8
4 0.136 11628 12 12 8
7 0.136 15273.5 4 12 4
2 0.135 10043.6 94 12 10
5 0.172 12020 0 12 10
2 0.16 17783 0 12 2
0 0.229 5851.9 99 12 10
3 0.135 23733 12 12 10
2 0.135 4910 14 12 8
2 0.134 15811 36 12 9
8 0.204 54650 46 12 8
0 0.134 11612 12 12 8
3 0.181 12260.4 12 12 4
10 0.16 40170.1 4 12 2
7 0.133 15323.8 4 12 4
2 0.133 5813.8 4 12 8
0 0.133 4162.4 60 12 10
2 0.133 10620 70 12 13
5 0.18 13891.2 99 12 8
2 0.133 2999 4 12 4
0 0.133 16642.5 50 12 10
2 0.133 5476.4 99 12 8
0 0.133 5475.7 99 12 8
5 0.227 17528.8 46 12 8
4 0.133 2970 99 12 10
5 0.133 16796.7 10 12 4
0 0.132 8750 40 12 10
3 0.132 8922.8 46 12 8
2 0.179 5453.5 0 12 8
10 0.132 24849.5 6 12 8
7 0.132 8990 70 12 10
0 0.132 8990 70 12 8
5 0.132 19710 78 12 10
5 0.132 28762.4 46 12 8
0 0.132 17640 4 12 8
5 0.132 10620 70 12 13
2 0.178 8180 70 12 13
2 0.17 14785.9 4 12 8
15 0.131 58800 6 12 8
0 0.131 5725.4 99 12 10
2 0.131 17866.8 12 12 2
4 0.131 9570 46 12 8
4 0.37 27390 12 12 8
0 0.178 7930 12 12 10
6 0.131 4044 99 12 6
0 0.13 5460.3 90 12 10
5 0.13 7000 32 12 8
4 0.13 11490 94 12 10
4 0.13 26149 40 12 8
5 0.129 15190 22 12 8
7 0.129 9596.9 14 12 12
6 0.28 4077.4 4 12 4
7 0.176 14470 6 12 8
2 0.128 15900 46 12 8
6 0.128 27550 36 12 8
10 0.179 16960 11 12 4
3 0.127 24596.8 30 12 10
5 0.221 10482.6 70 12 13
4 0.174 15699.9 22 12 8
3 0.127 23811.6 12 12 9
0 0.127 5440.3 99 12 10
2 0.127 10235.4 22 12 8
0 0.127 10436.5 94 12 10
0 0.126 4113.3 99 12 10
4 0.173 13180 77 12 10
14 0.126 52400 44 12 8
8 0.126 25127.7 5 12 8
2 0.126 2382.3 0 12 4
2 0.126 8180 70 12 13
3 0.172 4091.7 99 12 10
9 0.125 68273.1 6 12 2
6 0.125 44337.5 12 12 8
5 0.125 27647.7 64 12 8
0 0.125 14055.1 50 12 10
2 0.218 4140.6 0 12 4
7 0.124 25137.1 40 12 8
8 0.218 44218.9 12 12 8
7 0.171 4188 0 12 2
3 0.123 16774.8 22 12 8
3 0.123 4022.1 4 12 10
2 0.123 4033.6 50 12 10
2 0.123 10620 70 12 13
3 0.123 10620 70 12 13
6 0.134 20290 11 12 4
3 0.123 8180 70 12 13
4 0.203 22279.6 12 12 4
3 0.169 6470 22 12 8
2 0.169 12020 0 12 10
5 0.242 24414 12 12 4
0 0.122 8240 4 12 6
7 0.216 21277.7 0 12 3
5 0.198 24798.9 32 12 10
5 0.215 8180 70 12 13
4 0.121 4036 99 12 10
3 0.121 8527.4 69 12 11
5 0.216 25990 10 12 8
9 0.121 32066.6 20 12 8
8 0.121 21768.5 22 12 10
6 0.121 20700 46 12 8
5 0.121 9470 70 12 13
3 0.12 4111.6 0 12 5
0 0.12 5725.7 99 12 10
5 0.167 19710 2 12 10
4 0.261 15584.4 12 12 8
4 0.12 24813.3 6 12 10
2 0.12 10879 22 12 8
5 0.3 7299.6 14 12 6
2 0.119 28533.5 60 12 8
2 0.162 4655 4 12 6
5 0.118 31600 46 12 8
4 0.212 13877.2 22 12 10
6 0.305 16680 4 12 8
3 0.117 22050 6 12 8
3 0.117 3495.8 60 12 8
0 0.116 22778.8 46 12 8
4 0.324 25320 12 12 2
6 0.116 30758.4 11 12 8
5 0.116 16797.4 10 12 4
4 0.116 8180 70 12 13
6 0.301 14632 20 12 8
0 0.116 5479.3 99 12 8
4 0.115 22786.1 46 12 8
0 0.115 16200 22 12 8
4 0.148 9509 14 12 12
3 0.162 16000 12 12 8
0 0.115 5290 4 12 4
2 0.115 5653.3 0 12 11
2 0.114 5440.8 99 12 10
3 0.114 18074.2 0 12 4
4 0.208 11188.5 22 12 8
0 0.114 2966 0 12 4
5 0.165 19858.5 0 12 3
0 0.114 7618 4 12 8
3 0.16 3935 0 12 8
2 0.113 2883 4 12 4
0 0.113 3012.8 4 12 4
2 0.113 2430 4 12 8
4 0.113 2381 0 12 4
4 0.113 13829.2 70 12 10
0 0.171 3001 4 12 7
10 0.112 40676.9 4 12 6
5 0.253 11370 30 12 13
5 0.112 37000 48 12 10
4 0.158 12280 12 12 8
4 0.111 21750 16 12 8
3 0.126 13481.3 2 12 8
0 0.125 5164.8 4 12 4
4 0.111 15150.8 12 12 8
3 0.158 23815.2 12 12 10
3 0.111 13490 50 12 8
2 0.157 14043.4 12 12 8
7 0.137 22200.8 12 12 4
9 0.11 17510 46 12 8
5 0.11 19322.56 14 12 8
0 0.157 14034.6 0 12 8
2 0.218 5657.9 0 12 11
6 0.109 17955.5 12 12 8
4 0.108 27286.9 46 12 8
7 0.121 31600 46 12 8
4 0.108 21561.3 54 12 10
6 0.277 10175.2 12 12 4
7 0.107 25280.7 12 12 8
8 0.107 13870.6 22 12 10
3 0.107 4147.3 99 12 10
0 0.106 2998 4 12 4
3 0.106 26164.6 46 12 8
2 0.2 7091.2 0 12 4
2 0.2 20100 32 12 8
4 0.11 11613.5 12 12 8
0 0.153 7816.167 54 12 10
0 0.106 15407.6 12 12 8
5 0.106 25936.5 40 12 8
11 0.153 25310 12 12 8
3 0.105 8180 70 12 13
2 0.105 9030 99 12 10
7 0.105 24750 22 12 8
8 0.105 43393.2 12 12 8
0 0.105 8525.5 69 12 9
8 0.142 30300 28 12 8
2 0.104 15800 36 12 16
3 0.151 25962.6 22 12 8
5 0.158 32711.8 55 12 8
2 0.104 3282.3 4 12 7
3 0.198 10489.6 70 12 13
5 0.104 11257 22 12 4
0 0.104 15864.3 70 12 8
5 0.104 10520 22 12 8
0 0.104 1489.7 0 12 2
4 0.103 15811.8 36 12 10
4 0.103 18960 22 12 8
2 0.103 5715.9 99 12 10
5 0.102 25255.6 12 12 10
2 0.29 17400 32 12 8
5 0.102 21765 22 12 10
0 0.195 5434.9 2 12 0
3 0.101 11280 14 12 13
5 0.101 28870.8 46 12 8
5 0.101 28334.4 20 12 8
5 0.101 17514.8 46 12 8
3 0.1 6381.5 14 12 8
0 0.1 3740 4 12 8
4 0.165 13308.5 11 12 2
4 0.147 17582.7 10 12 3
7 0.1 34151.9 31 12 8
15 1.816 6120.2 0 11 0
10 1.93 12370 80 11 4
13 1.315 6423.5 0 11 0
12 1.001 11086.6 0 11 0
7 0.958 9906.1 99 11 4
12 0.759 5685 0 11 0
11 0.65 11000 0 11 0
9 0.53 11360 0 11 3
6 0.537 11390 80 11 4
9 0.478 11360 0 11 0
4 0.545 5590 50 11 8
9 0.398 11360 0 11 3
7 0.33 11216.4 0 11 2
0 0.295 5590 50 11 8
5 0.263 11360 0 11 3
9 0.405 25985.8 9 11 1
7 0.258 11369.2 5 11 10
7 0.339 22050 6 11 8
6 0.239 11360 0 11 0
9 0.238 11360 0 11 0
8 0.201 11317.9 5 11 10
8 0.17 11360 0 11 3
0 0.17 5900 2 11 8
4 0.216 12280 12 11 7
4 0.252 12280 12 11 7
8 0.155 36850 44 11 7
0 0.152 11360 0 11 3
8 0.152 11067.8 0 11 0
8 0.15 11360 0 11 0
3 0.146 11360 0 11 0
9 0.144 21640 12 11 3
6 0.235 10441.7 4 11 4
5 0.261 18184.5 10 11 8
3 0.223 11360 0 11 0
4 0.132 23840 12 11 7
4 0.119 9131.5 46 11 4
2 0.109 7071.6 0 11 8
9 0.222 6398.9 0 9 3
5 0.171 2370.9 0 9 4
5 0.195 12420 0 6 5
